UserId,StartsAt,StopsAt,VideoId,LinkCapacity,ScreenWidth,ScreenHeight
0,1,10,1,3337,1280,720
1,2,11,1,3337,1280,720
2,3,12,1,3337,1280,720
3,4,13,1,3337,1280,720
4,5,14,1,3337,1280,720
5,6,15,1,3337,1280,720
6,7,16,1,3337,1280,720
7,8,17,1,3337,1280,720
8,9,18,1,3337,1280,720
9,10,19,1,3337,1280,720
10,11,20,1,3337,1280,720
11,12,21,1,3337,1280,720
12,13,22,1,3337,1280,720
13,14,23,1,3337,1280,720
14,15,24,1,3337,1280,720
15,16,25,1,3337,1280,720
16,17,26,1,3337,1280,720
17,18,27,1,3337,1280,720
18,19,28,1,3337,1280,720
19,20,29,1,3337,1280,720
20,21,30,1,3337,1280,720
21,22,31,1,3337,1280,720
22,23,32,1,3337,1280,720
23,24,33,1,3337,1280,720
24,25,34,1,3337,1280,720
25,26,35,1,3337,1280,720
26,27,36,1,3337,1280,720
27,28,37,1,3337,1280,720
28,29,38,1,3337,1280,720
29,30,39,1,3337,1280,720
30,31,40,1,3337,1280,720
31,32,41,1,3337,1280,720
32,33,42,1,3337,1280,720
33,34,43,1,3337,1280,720
34,35,44,1,3337,1280,720
35,36,45,1,3337,1280,720
36,37,46,1,3337,1280,720
37,38,47,1,3337,1280,720
38,39,48,1,3337,1280,720
39,40,49,1,3337,1280,720
40,41,50,1,3337,1280,720
41,42,51,1,3337,1280,720
42,43,52,1,3337,1280,720
43,44,53,1,3337,1280,720
44,45,54,1,3337,1280,720
45,46,55,1,3337,1280,720
46,47,56,1,3337,1280,720
47,48,57,1,3337,1280,720
48,49,58,1,3337,1280,720
49,50,59,1,3337,1280,720
50,51,60,1,3337,1280,720
51,52,61,1,3337,1280,720
52,53,62,1,3337,1280,720
53,54,63,1,3337,1280,720
54,55,64,1,3337,1280,720
55,56,65,1,3337,1280,720
56,57,66,1,3337,1280,720
57,58,67,1,3337,1280,720
58,59,68,1,3337,1280,720
59,60,69,1,3337,1280,720
60,61,70,1,3337,1280,720
61,62,71,1,3337,1280,720
62,63,72,1,3337,1280,720
63,64,73,1,3337,1280,720
64,65,74,1,3337,1280,720
65,66,75,1,3337,1280,720
66,67,76,1,3337,1280,720
67,68,77,1,3337,1280,720
68,69,78,1,3337,1280,720
69,70,79,1,3337,1280,720
70,71,80,1,3337,1280,720
71,72,81,1,3337,1280,720
72,73,82,1,3337,1280,720
73,74,83,1,3337,1280,720
74,75,84,1,3337,1280,720
75,76,85,1,3337,1280,720
76,77,86,1,3337,1280,720
77,78,87,1,3337,1280,720
78,79,88,1,3337,1280,720
79,80,89,1,3337,1280,720
80,81,90,1,3337,1280,720
81,82,91,1,3337,1280,720
82,83,92,1,3337,1280,720
83,84,93,1,3337,1280,720
84,85,94,1,3337,1280,720
85,86,95,1,3337,1280,720
86,87,96,1,3337,1280,720
87,88,97,1,3337,1280,720
88,89,98,1,3337,1280,720
89,90,99,1,3337,1280,720
90,91,100,1,3337,1280,720
91,92,101,1,3337,1280,720
92,93,102,1,3337,1280,720
93,94,103,1,3337,1280,720
94,95,104,1,3337,1280,720
95,96,105,1,3337,1280,720
96,97,106,1,3337,1280,720
97,98,107,1,3337,1280,720
98,99,108,1,3337,1280,720
99,100,109,1,3337,1280,720
100,101,110,1,3337,1280,720
